2.326915,7.899364,9.971568,1.996539,6.250740,5.656487,1.646512,17.992136,4.727312,2.644014,3.022449,1.567606,
13.135509,4.747921,1.885477,4.302169,18.218515,1.943606,1.943354,1.266056,1.248329,0.660646,6.177634,7.137356,2.203205,1.512140,0.458201,1.248329,1.136996,2.004580,1.476365,2.743804,4.737497,2.667964,2.143572,
0.461014,7.722878,1.543678,8.159097,9.408705,7.239769,2.821336,0.960137,6.444624,1.720560,1.573680,2.404640,6.552611,3.338926,2.956469,2.961311,4.040086,
6.049135,13.900688,4.696121,9.772787,6.268425,1.846017,0.861177,6.356497,
8.859890,2.944323,1.801714,2.704373,10.534750,2.065643,6.671980,2.141513,15.710514,7.136263,32.631622,
16.011518,4.536809,1.910459,7.007903,0.693373,1.259374,6.114092,3.248513,1.974069,0.764604,5.374880,0.512798,4.200305,0.720272,3.984427,5.186876,
11.971514,8.694931,6.858100,5.068485,2.685429,5.018497,3.552432,8.087214,5.599500,1.537837,
2.179560,6.068075,5.058375,3.255998,8.538815,1.550796,2.155554,8.988355,
2.662022,4.985656,6.013795,13.855606,6.797668,1.314716,1.456000,1.931925,1.934675,1.899109,4.166529,3.366338,
2.573961,0.654711,3.504328,1.248842,6.738727,11.778440,4.763659,1.970575,3.712684,4.231543,3.970792,3.735491,3.343694,2.403345,1.512537,1.770052,3.211629,2.438664,
3.902536,2.036773,1.065247,6.206815,7.998869,1.239710,3.849020,7.197762,10.590230,5.292099,
6.606538,0.886231,8.104732,4.581657,1.617439,1.550935,4.710205,4.829080,2.391664,4.955932,17.010294,7.158820,3.716706,0.824126,2.002121,1.603666,2.022297,2.176519,4.049727,
1.839183,1.236766,7.500121,1.783186,1.371078,2.497459,2.484033,5.347928,5.059009,8.070132,5.750341,
8.390203,8.349453,7.163025,2.806531,4.064125,2.124222,2.434330,2.157413,2.397363,3.333899,1.485082,1.804292,
2.412015,18.549809,3.414715,6.217695,1.605536,2.478039,9.806753,2.321242,3.076545,1.052642,1.670019,5.868057,1.016711,3.367221,2.710185,3.193780,1.020787,2.142755,
1.328386,3.510770,2.947618,3.383841,8.042768,5.144065,3.219513,5.687727,4.105895,4.482433,3.521699,4.007365,3.651282,
6.558748,9.730000,10.260919,5.465360,2.853441,10.500652,2.817619,1.504244,8.775202,2.371929,0.607487,7.652698,4.806014,
3.956018,1.276953,7.370413,0.973750,9.966976,5.454691,4.924369,1.811449,1.285984,6.856627,3.868067,4.465285,4.718565,
6.367136,1.392555,1.609721,1.290527,9.639366,4.105274,3.971067,5.057831,2.116677,9.380199,1.291055,2.964627,4.206113,1.728129,3.208365,
28.631357,6.408980,4.684814,1.017870,3.540066,8.027027,2.524812,3.454243,
1.131819,4.168975,4.497575,6.316417,7.066025,16.697186,2.703887,3.005610,2.717183,
27.691998,5.102657,0.755982,3.249194,4.870494,6.622165,2.830697,6.654800,4.634243,4.265163,
9.329408,6.807219,5.078959,2.031996,4.167249,1.806829,2.395002,5.799730,10.185868,
6.464280,0.758283,1.126932,12.538713,3.647840,1.355605,16.276323,5.871378,4.017110,1.493057,1.410722,7.569989,5.428269,
6.114116,4.260259,7.427579,3.180257,12.213240,4.181533,1.392526,2.000455,1.196178,1.333781,5.272995,1.479249,
9.975904,4.430778,9.203295,20.280037,1.299729,3.554494,3.466361,0.416536,1.041166,2.519792,5.877856,1.913269,0.760969,
4.133400,10.626581,6.989139,3.245173,2.704027,4.980104,4.472274,4.548475,2.332278,2.819165,
11.770054,1.135209,3.193646,1.164451,4.022859,5.888956,6.226594,3.096124,
19.333349,4.837009,6.855687,1.704727,2.336604,2.812715,6.652857,1.780911,1.162146,2.496972,
2.445662,8.318419,3.252792,2.211504,1.824961,3.051312,3.021791,4.386303,2.919024,8.674652,3.219374,3.777618,1.994450,4.947866,3.680753,
3.366634,2.049970,8.867801,3.470864,3.210846,24.053232,1.740187,1.707608,3.586467,1.738435,3.042275,1.537240,2.052191,2.808322,1.754995,1.622694,5.079797,3.344906,1.634772,6.724946,
2.287663,2.948503,5.600304,1.521223,5.037010,5.941972,1.820361,1.756913,7.533296,5.911821,2.887036,1.630165,
2.006091,2.881242,9.403870,4.353414,1.352622,2.438484,8.022075,2.320149,3.268838,6.339898,1.471134,13.716984,3.374923,
8.440506,3.818747,4.211712,8.209720,1.201634,1.538242,25.743942,2.936472,3.774000,3.274926,2.835325,
11.939595,9.017040,6.740051,3.317985,2.324124,9.730746,1.728320,4.866146,1.363672,3.213884,
1.173583,4.794625,10.016023,5.276702,10.253375,4.702844,4.753261,1.837065,5.429773,2.821509,5.616428,
10.938673,5.628445,0.844667,1.830093,0.557051,1.180867,11.563443,2.404784,11.563443,2.632334,
6.629160,5.639319,3.724851,6.521469,7.309981,6.058883,3.979534,2.039634,2.232077,1.271286,0.482758,3.837343,22.835073,0.874522,5.360740,
6.171709,6.904340,6.733992,4.778457,4.243916,2.483053,8.526348,2.109847,2.799115,2.757422,2.204814,2.895508,
4.828307,8.205139,12.632959,12.244511,6.310432,
1.360441,14.454905,12.806770,6.936968,1.281979,7.880424,2.728050,3.957890,1.650085,3.880211,1.703602,0.548725,0.742786,1.954860,
4.232158,2.477085,1.374899,5.214982,11.156002,3.111734,7.205385,2.616682,4.965494,6.240082,3.481530,2.285728,
2.065035,1.494979,7.885062,5.263460,2.637779,4.088327,3.893151,5.589747,3.167421,
6.613743,2.981393,4.832492,1.260581,3.549515,5.559886,1.570852,1.178200,2.518894,2.103318,17.639490,0.411792,
13.949405,5.348781,2.350040,7.263343,3.824958,8.915887,5.088521,1.800303,1.024232,3.139572,4.476268,4.155591,3.525265,1.427523,2.654672,1.542529,2.698203,
3.746152,10.883660,13.533101,1.942152,1.088984,7.002139,10.558270,8.414321,1.613811,0.686062,2.027583,0.722400,1.256924,0.635532,23.780045,
16.155296,3.221924,6.866947,2.055793,1.541256,4.117020,1.893075,2.808126,1.010075,2.816871,3.172421,1.799687,3.291354,1.728123,4.477576,4.205713,1.153584,
9.193752,7.124212,2.314861,4.701176,5.263645,5.918577,1.874808,10.044531,
4.299695,1.337594,4.874599,5.809460,4.032867,9.501686,10.391510,3.184891,13.675749,7.959418,1.458334,1.114545,3.192261,5.397215,
3.439502,3.003298,5.716621,7.642674,3.694777,4.991608,2.479678,
18.204525,2.450773,0.732051,4.375396,1.029947,2.251609,1.362552,4.819975,3.846483,0.851845,16.205173,2.091217,3.063356,5.794174,1.785620,2.797697,2.614015,2.337582,1.188424,
10.977234,4.504097,8.406635,5.991640,14.151680,7.050014,4.297990,3.039670,4.774065,4.157279,1.585436,1.781000,4.594924,1.833686,2.323377,2.256835,2.001442,
1.633116,18.676449,20.459991,5.558002,2.644128,15.958546,6.204009,0.539164,0.945852,7.304333,2.009168,
5.040956,2.651635,11.890913,2.801532,1.792517,1.177771,8.073810,1.820191,1.267240,2.078466,5.240289,5.262671,3.971777,3.271739,3.798881,
3.858389,2.357794,4.518504,11.799408,4.810684,1.416501,25.948095,
8.508518,3.267257,8.885287,20.691677,2.472483,0.575187,2.006703,0.834212,2.757005,5.856848,5.169206,
2.874209,4.590317,5.856020,2.125333,5.017966,10.652554,0.914739,1.617257,8.771131,2.248304,2.443957,4.167669,0.993567,
12.994686,8.835332,2.395208,2.628706,4.105935,1.842541,5.964696,3.511431,3.133904,6.521407,
7.304092,3.231322,3.998184,4.473305,21.935785,8.935118,2.551733,34.862427,1.346285,2.045956,
4.139099,1.957123,2.286094,5.442363,4.417325,6.666499,3.523706,1.958524,8.486434,4.519999,5.255241,
15.892042,5.042213,6.514790,2.773258,5.122224,2.196218,2.751588,2.240990,2.316875,3.273864,12.689264,1.372344,
3.331428,4.010140,5.976589,3.235934,2.705317,11.487541,4.505485,7.779650,
5.735522,1.428902,2.987596,10.660529,2.658989,3.811143,3.222690,1.609632,10.154750,2.038625,2.498577,4.024940,3.018857,10.757695,3.735784,
9.952351,3.875270,3.069836,2.988233,9.619598,2.613754,7.162118,5.506511,3.507431,2.888665,1.709688,
7.309856,2.568188,9.998740,11.085018,4.135218,1.404214,2.871859,2.674507,5.302041,6.393071,7.935102,
16.440519,1.864368,2.645054,5.978412,5.553792,3.849722,3.901434,0.941884,1.137783,5.911936,0.945940,3.319809,4.393798,2.292054,1.573361,1.999417,4.395261,
7.667603,6.187010,5.441794,4.000947,1.930000,6.596178,2.311760,3.028287,3.077719,3.988373,2.288342,0.937027,1.597117,2.205197,2.258295,
23.564672,5.840336,1.046785,3.121544,5.963902,6.881866,13.225395,4.409530,3.598682,4.425932,
1.920227,3.963168,7.246168,2.557406,3.338575,2.863866,2.651416,1.761903,9.653370,4.827528,4.026279,4.078764,17.410196,4.178014,2.158985,5.132569,
18.584646,22.048851,3.643032,5.071055,1.628086,1.402015,8.674685,7.405261,0.774930,3.003223,7.272694,
7.677648,1.720340,1.361205,5.376327,2.546801,3.117981,1.789623,10.280033,2.599305,5.950813,8.848799,3.639811,5.172790,2.638401,
1.576755,8.726980,5.147303,4.334478,1.790983,2.778725,7.830238,2.919201,5.496446,1.824574,1.825386,4.838629,10.011597,4.005649,
10.954653,6.288764,4.689213,3.411380,2.543793,3.188935,2.347311,1.947508,0.935095,7.878762,6.630576,
4.701802,0.996650,5.092496,9.382585,4.025078,0.894590,5.376724,2.260683,1.495155,4.313377,3.359797,5.246716,3.396167,2.353500,5.166388,3.917946,2.904712,
5.089467,1.651898,23.764063,0.852283,4.531273,5.955331,8.984381,1.210228,0.434994,3.721726,8.023166,
4.961324,6.739476,3.818758,1.909186,6.000349,2.184530,5.529132,6.166869,1.777676,2.243730,5.598324,1.454484,5.178086,
13.801382,3.515373,1.586482,8.877981,1.991963,
30.562149,0.937110,3.262840,0.735880,5.258572,2.367954,7.733594,
4.576231,5.457254,11.205246,4.577466,5.841051,7.087003,4.166421,5.542617,
4.112568,0.742740,3.359785,20.446548,2.824539,8.765384,0.479232,1.420666,2.484526,3.608488,5.157855,0.548008,0.334216,1.553887,5.480528,2.998207,0.709191,2.235408,0.366231,
