0.248135,0.237105,0.232466,0.229295,0.175102,0.156728,0.112222,0.057612,0.040114,0.019296,0.013154,0.010616,0.000000,
0.263995,0.263664,0.242664,0.239439,0.221775,0.211143,0.206788,0.196126,0.188886,0.186488,0.177378,0.168860,0.139548,0.108780,0.094399,0.084230,0.081778,0.080153,0.057937,0.055315,0.052511,0.043998,0.033913,0.000000,
0.187891,0.187826,0.185888,0.160674,0.146454,0.122414,0.115811,0.107875,0.101218,0.069459,0.045025,0.029991,0.025185,0.020648,0.003804,0.001268,0.001205,0.000000,
0.243579,0.238481,0.187690,0.161074,0.146775,0.100048,0.098283,0.059029,0.000000,
0.244772,0.191211,0.156581,0.114395,0.108651,0.106672,0.067103,0.055178,0.034302,0.011777,0.000628,0.000000,
0.255159,0.255008,0.248084,0.240989,0.211946,0.206717,0.189665,0.181236,0.136815,0.132219,0.120113,0.104329,0.047261,0.040400,0.027382,0.006013,0.000000,
0.266881,0.223222,0.185144,0.166337,0.102854,0.094042,0.066469,0.065868,0.059141,0.047595,0.000000,
0.282898,0.259169,0.247577,0.238306,0.208982,0.170387,0.132275,0.104668,0.000000,
0.233028,0.231850,0.182171,0.173835,0.168053,0.140674,0.132147,0.116323,0.035300,0.025657,0.017525,0.009826,0.000000,
0.248372,0.234071,0.228664,0.209184,0.197567,0.193791,0.181535,0.175505,0.156440,0.131241,0.117346,0.110165,0.102643,0.093625,0.091407,0.088957,0.083998,0.068993,0.000000,
0.235756,0.198349,0.177330,0.143307,0.120684,0.098037,0.077706,0.039294,0.025732,0.006215,0.000000,
0.279712,0.242403,0.231723,0.225259,0.203996,0.197161,0.192309,0.188475,0.172179,0.127118,0.118658,0.095650,0.090681,0.085977,0.045119,0.025567,0.018715,0.010972,0.000304,0.000000,
0.240535,0.210768,0.207578,0.165168,0.162863,0.145552,0.137287,0.114663,0.101201,0.086058,0.072818,0.000000,
0.270959,0.244597,0.244077,0.234431,0.194606,0.152966,0.118439,0.086189,0.060774,0.037427,0.028055,0.016654,0.000000,
0.277061,0.253053,0.251430,0.245580,0.243856,0.222462,0.206323,0.202844,0.197952,0.167431,0.128644,0.113399,0.102983,0.066245,0.034165,0.012607,0.009329,0.006831,0.000000,
0.231659,0.198437,0.184475,0.152394,0.119502,0.118466,0.107807,0.105140,0.103617,0.078340,0.063824,0.048094,0.040492,0.000000,
0.245111,0.244914,0.232336,0.223906,0.221669,0.178324,0.144627,0.126549,0.117891,0.101827,0.088290,0.010093,0.004789,0.000000,
0.140986,0.140876,0.132125,0.107481,0.099345,0.095498,0.078630,0.072047,0.064665,0.035935,0.024309,0.017555,0.004918,0.000000,
0.217809,0.204178,0.203126,0.174233,0.170989,0.150357,0.142717,0.111902,0.103014,0.079647,0.074169,0.061911,0.046357,0.039313,0.002939,0.000000,
0.265229,0.221900,0.212502,0.185219,0.129390,0.082194,0.061316,0.018415,0.000000,
0.268095,0.202747,0.156086,0.125567,0.062209,0.046018,0.028794,0.024425,0.018713,0.000000,
0.243380,0.225967,0.157433,0.131746,0.118606,0.111121,0.105305,0.086467,0.072834,0.043163,0.000000,
0.160114,0.154031,0.141250,0.104374,0.096184,0.086848,0.046027,0.031447,0.006818,0.000000,
0.267679,0.253152,0.223211,0.161304,0.125375,0.120447,0.106654,0.083217,0.081982,0.064528,0.058933,0.054529,0.033876,0.000000,
0.264453,0.264170,0.259209,0.251637,0.233155,0.228070,0.102867,0.056990,0.052198,0.026578,0.016742,0.016111,0.000000,
0.263264,0.251404,0.231110,0.202553,0.197810,0.195003,0.164378,0.154955,0.106297,0.074953,0.069955,0.064293,0.038236,0.000000,
0.255327,0.188055,0.175952,0.163180,0.148283,0.097238,0.074702,0.032505,0.012319,0.005851,0.000000,
0.263737,0.253839,0.238953,0.200651,0.126654,0.126272,0.054460,0.000652,0.000000,
0.235095,0.225787,0.219698,0.198047,0.179368,0.163822,0.157438,0.110297,0.078033,0.073619,0.000000,
0.208992,0.130657,0.119895,0.118260,0.113288,0.106345,0.070002,0.062633,0.056948,0.044393,0.042880,0.021302,0.017052,0.011662,0.002281,0.000000,
0.280356,0.274431,0.269760,0.256726,0.253241,0.237480,0.233621,0.228985,0.220868,0.205192,0.194807,0.159884,0.148419,0.145437,0.125140,0.102367,0.085713,0.084413,0.051508,0.048137,0.000000,
0.200161,0.195987,0.165336,0.164648,0.147927,0.133821,0.123190,0.102847,0.066636,0.060957,0.023442,0.010651,0.000000,
0.185565,0.181362,0.163904,0.158704,0.151611,0.143028,0.115368,0.092042,0.071714,0.041058,0.036427,0.035970,0.023275,0.000000,
0.261587,0.249938,0.245497,0.228891,0.211025,0.166169,0.084216,0.083767,0.079872,0.068396,0.024932,0.000000,
0.222484,0.210620,0.207869,0.191216,0.153631,0.130189,0.127908,0.058263,0.057579,0.006909,0.000000,
0.226060,0.213676,0.212919,0.187585,0.150871,0.108197,0.093487,0.085810,0.047366,0.022137,0.001672,0.000000,
0.226385,0.179430,0.103003,0.068322,0.065366,0.053712,0.044728,0.044478,0.023917,0.009512,0.000000,
0.290039,0.243339,0.209653,0.185233,0.184624,0.173965,0.168556,0.162366,0.157299,0.132139,0.128066,0.097452,0.083506,0.066805,0.004225,0.000000,
0.241070,0.205028,0.203793,0.200848,0.145234,0.125558,0.121929,0.110515,0.059025,0.041126,0.039683,0.016264,0.000000,
0.220851,0.163415,0.145372,0.080925,0.035061,0.000000,
0.252510,0.247895,0.245717,0.220795,0.213143,0.188449,0.161710,0.157935,0.119453,0.105013,0.035397,0.029336,0.022547,0.006672,0.000000,
0.227071,0.208643,0.197672,0.177116,0.157948,0.119337,0.116109,0.080866,0.054174,0.042407,0.039154,0.008653,0.000000,
0.204201,0.196152,0.182991,0.166377,0.038655,0.037767,0.029746,0.014538,0.000114,0.000000,
0.242599,0.159842,0.131488,0.111780,0.105045,0.092721,0.055097,0.032216,0.031946,0.023573,0.011581,0.011445,0.000000,
0.196454,0.193467,0.185549,0.184533,0.175630,0.162079,0.145381,0.127687,0.108246,0.093445,0.082443,0.061059,0.059663,0.054580,0.035504,0.011630,0.003559,0.000000,
0.202559,0.192461,0.185807,0.175842,0.174156,0.154565,0.109756,0.085421,0.079887,0.077286,0.071735,0.059555,0.027542,0.019135,0.002927,0.000000,
0.260572,0.249164,0.242406,0.233643,0.230178,0.189818,0.139043,0.136266,0.112838,0.054305,0.049644,0.038977,0.035042,0.033789,0.031162,0.026368,0.008199,0.000000,
0.220113,0.189943,0.106892,0.091013,0.064355,0.043641,0.037691,0.015760,0.000000,
0.203032,0.194743,0.187678,0.183457,0.170316,0.142190,0.110804,0.105906,0.077998,0.071869,0.040808,0.034874,0.014055,0.004775,0.000000,
0.254432,0.247584,0.204507,0.157875,0.155484,0.152696,0.092211,0.000000,
0.277787,0.255742,0.254362,0.239910,0.232145,0.168966,0.165058,0.156364,0.142562,0.141119,0.136594,0.122998,0.120134,0.086737,0.085333,0.076768,0.060351,0.058181,0.021281,0.000000,
0.252659,0.229104,0.228150,0.202066,0.190228,0.180187,0.138914,0.121781,0.113616,0.104016,0.094089,0.090868,0.085415,0.048055,0.030337,0.016020,0.015512,0.000000,
0.248070,0.242737,0.238882,0.231136,0.179306,0.096217,0.094167,0.089291,0.031706,0.022438,0.008285,0.000000,
0.231222,0.230747,0.215705,0.206688,0.188957,0.159597,0.153800,0.135211,0.099528,0.096969,0.052036,0.044445,0.035737,0.028363,0.007463,0.000000,
0.230732,0.209217,0.171703,0.073549,0.065438,0.013270,0.007671,0.000000,
0.280974,0.277207,0.276577,0.276392,0.264073,0.250032,0.244414,0.193769,0.041536,0.034088,0.000300,0.000000,
0.247324,0.194635,0.185358,0.184522,0.176478,0.150994,0.096849,0.085351,0.081236,0.078185,0.057998,0.022903,0.012856,0.000000,
0.234282,0.225263,0.206050,0.196182,0.134019,0.120108,0.119153,0.113768,0.079194,0.071155,0.000000,
0.221173,0.203251,0.147892,0.147015,0.121190,0.096492,0.082642,0.059993,0.048784,0.045737,0.000000,
0.253608,0.248055,0.232938,0.192315,0.180064,0.173829,0.158979,0.149834,0.079450,0.043164,0.011550,0.000000,
0.203325,0.183567,0.174556,0.171454,0.166231,0.143011,0.106318,0.100443,0.061127,0.060083,0.058508,0.015112,0.000000,
0.259590,0.223400,0.210180,0.178757,0.172006,0.169821,0.128948,0.113147,0.000000,
0.259057,0.253963,0.249472,0.246440,0.245625,0.243265,0.226204,0.216754,0.146805,0.083331,0.078749,0.072193,0.044040,0.018992,0.001272,0.000000,
0.250406,0.242041,0.137091,0.125187,0.109748,0.108524,0.085930,0.072085,0.062646,0.039048,0.014052,0.000000,
0.252110,0.232885,0.156555,0.153708,0.136389,0.099542,0.092711,0.068790,0.061416,0.035315,0.015567,0.000000,
0.230153,0.228301,0.225249,0.214331,0.213141,0.124745,0.077899,0.077769,0.074544,0.069294,0.060608,0.049420,0.044003,0.042809,0.040524,0.019797,0.008810,0.000000,
0.240415,0.236145,0.234717,0.203402,0.199656,0.174444,0.168378,0.152766,0.134553,0.117912,0.078784,0.072739,0.031946,0.008771,0.006631,0.000000,
0.290979,0.278983,0.261455,0.252064,0.215676,0.102460,0.074474,0.069885,0.055985,0.026935,0.000000,
0.251462,0.230110,0.226471,0.220296,0.204902,0.180170,0.171868,0.170213,0.150026,0.092650,0.069139,0.045843,0.023000,0.020274,0.016814,0.007444,0.000000,
0.300917,0.275386,0.262870,0.241454,0.223247,0.171319,0.129422,0.093892,0.032607,0.020143,0.007726,0.000000,
0.270660,0.266875,0.265615,0.228134,0.210680,0.188275,0.187039,0.180616,0.118006,0.093932,0.087379,0.074570,0.058790,0.010909,0.000000,
0.259586,0.258413,0.239064,0.234724,0.221019,0.207037,0.193994,0.185237,0.175704,0.157180,0.157048,0.111245,0.065085,0.028099,0.000000,
0.211170,0.193413,0.191691,0.141088,0.110670,0.107870,0.104911,0.079865,0.076904,0.071027,0.019521,0.000000,
0.179333,0.171331,0.163592,0.148732,0.123190,0.109578,0.105141,0.095724,0.088686,0.082282,0.062926,0.041426,0.034456,0.019598,0.012407,0.006341,0.004701,0.000000,
0.214737,0.201707,0.156319,0.149097,0.132032,0.122090,0.115959,0.109923,0.098923,0.036474,0.035670,0.000000,
0.244137,0.235191,0.208190,0.179878,0.154985,0.152795,0.112652,0.109482,0.104237,0.091001,0.032782,0.028246,0.001548,0.000000,
0.143442,0.110020,0.102817,0.037744,0.002005,0.000000,
0.249142,0.231064,0.204186,0.202113,0.134238,0.111932,0.013016,0.000000,
0.176075,0.165777,0.150322,0.147766,0.126247,0.026852,0.018484,0.014573,0.000000,
0.238214,0.238209,0.207152,0.207133,0.198832,0.176760,0.175422,0.165099,0.157475,0.139752,0.090881,0.084021,0.059956,0.057231,0.051864,0.047418,0.031757,0.025683,0.019366,0.000000,
